-1 0 nosimd 75000 2 1 126047 127284 379250
-1 0 sse 75000 2 1 104257 95015.1 250346
-1 1 avx 75000 2 1 81908 78331.8 221392
-1 2 avx 75000 2 1 41989.5 39922.2 113449
-1 4 avx 75000 2 1 21772.5 20814.8 58835.6
-1 6 avx 75000 2 1 14712.5 14063.1 39754.8
-1 8 avx 75000 2 1 11583.4 11075.8 31301.3
-1 10 avx 75000 2 1 9068 8690.04 24573.2
-1 12 avx 75000 2 1 8730.67 8333.96 23092.2
-1 14 avx 75000 2 1 8386.19 8013.57 21812.1
-1 16 avx 75000 2 1 8081.99 7720.81 20637.3
-1 18 avx 75000 2 1 7800.55 7439.65 19611.8
0 0 nosimd 75000 2 100 73614.8 73245.7 155999