-1 1 avx 10000 2 10 14757.1 14061.8 40128.5
-1 2 avx 10000 2 10 7489.97 7156.07 20326.8
-1 4 avx 10000 2 10 3920.78 3735.8 10553
-1 6 avx 10000 2 10 2624.85 2503.29 7153.61
-1 8 avx 10000 2 10 1998.36 1906.67 5510.44
-1 10 avx 10000 2 10 1645.18 1549.15 4461.96
-1 12 avx 10000 2 10 1558.9 1487.29 4213.51
-1 14 avx 10000 2 10 1509.58 1433.75 3977.86
-1 16 avx 10000 2 10 1442.16 1375.64 3786.8
-1 18 avx 10000 2 10 1429.33 1371.64 3678.4
0 0 nosimd 10000 2 10 140.967 139.031 295.547
-1 1 avx 10000 2 10 15283.5 15706.7 41240.4
-1 2 avx 10000 2 10 7752.88 7381.72 21068.8
-1 4 avx 10000 2 10 3948.04 3763.48 10668.8
-1 6 avx 10000 2 10 2667.38 2542.53 7282.43
-1 1 avx 10000 2 10 14638.8 13939.2 39683.5
-1 2 avx 10000 2 10 7625.85 7275.43 20784.1
-1 4 avx 10000 2 10 3942.26 3776.06 10740
-1 6 avx 10000 2 10 2639.69 2514.05 7297.66
-1 8 avx 10000 2 10 2016.03 1925.38 5548.21
-1 10 avx 10000 2 10 1627.66 1552.09 4458.03
-1 12 avx 10000 2 10 1563.08 1491.41 4223.3
-1 14 avx 10000 2 10 1512.66 1432.16 3974.8
-1 16 avx 10000 2 10 1447.37 1387.12 3780.94
-1 18 avx 10000 2 10 1391.51 1332.89 3588.97
0 0 nosimd 10000 2 10 142.88 139.896 295.938
-1 1 avx 20000 2 10 58972.6 56277.6 159891
-1 2 avx 20000 2 10 29860.7 28542.3 81466.8
-1 4 avx 20000 2 10 15564.7 14954.9 42110.9
-1 6 avx 20000 2 10 10477.2 10020.7 28732.6
-1 8 avx 20000 2 10 7931.49 7573.35 21524.3
-1 10 avx 20000 2 10 6475.18 6176.35 17638.3
-1 12 avx 20000 2 10 6380.3 6096.44 17013.4
-1 14 avx 20000 2 10 6206.41 5947.63 16311.1
-1 16 avx 20000 2 10 6173.75 5937.16 15773.7
-1 18 avx 20000 2 10 5839.58 5629.02 14788.1
0 0 nosimd 20000 2 10 548.613 530.46 1128.45
-1 1 avx 30000 2 10 136667 128514 358103
-1 2 avx 30000 2 10 67352.6 64358.2 183078
-1 4 avx 30000 2 10 34901.7 33325 94751.4
-1 6 avx 30000 2 10 23476.3 22466.6 63755.9
-1 8 avx 30000 2 10 17845.3 17009.8 48633.7
-1 10 avx 30000 2 10 15488.8 14787.8 41974.3
-1 12 avx 30000 2 10 14995.7 14324 39223.7
-1 14 avx 30000 2 10 13480.3 12915.2 35213.3
-1 16 avx 30000 2 10 12943.2 12363.7 33276.2
-1 18 avx 30000 2 10 12549.1 12043.7 31898.3
0 0 nosimd 30000 2 10 1201.88 1183.32 2516.43
-1 1 avx 40000 2 10 237717 224164 631084
-1 2 avx 40000 2 10 120680 115435 328396
-1 4 avx 40000 2 10 62157.8 59506.3 168171
-1 6 avx 40000 2 10 41789.1 39992.9 113246
-1 8 avx 40000 2 10 31844.4 30378.3 86763
-1 10 avx 40000 2 10 25896.3 24724.7 70227.9
-1 12 avx 40000 2 10 24848.7 23735.8 65983.1
-1 14 avx 40000 2 10 23920.5 22830.5 62256.2
-1 16 avx 40000 2 10 23027.8 21973.1 59024.1
-1 18 avx 40000 2 10 22207.3 21306.5 56158.2
0 0 nosimd 40000 2 10 2118.38 2093.39 4457.01
-1 1 avx 50000 2 10 364721 348380 986219
-1 2 avx 50000 2 10 187374 181296 506694
-1 4 avx 50000 2 10 97113.9 92456.3 260901
-1 6 avx 50000 2 10 65363.4 62492.2 176773
-1 8 avx 50000 2 10 49322.8 47110 134050
-1 10 avx 50000 2 10 40466.9 38650.5 109410
-1 12 avx 50000 2 10 38838.5 37084.4 102817
-1 14 avx 50000 2 10 37652.8 35990.9 98544.8
-1 16 avx 50000 2 10 36019.4 34389 92095
-1 18 avx 50000 2 10 34744.1 33579.2 87643.4
0 0 nosimd 50000 2 10 3293.51 3263.4 6948.72
-1 1 avx 60000 2 10 533583 504187 1.4348e+06
-1 2 avx 60000 2 10 269685 258723 729752
-1 4 avx 60000 2 10 140870 134394 376222
-1 6 avx 60000 2 10 94088.9 89981.5 255651
-1 8 avx 60000 2 10 71391.1 68130.6 193459
-1 10 avx 60000 2 10 58512.7 55876.6 157205
-1 12 avx 60000 2 10 55930.9 53445.6 147887
-1 14 avx 60000 2 10 53817.2 51336.9 139926
-1 16 avx 60000 2 10 51952.9 49674.6 132570
-1 18 avx 60000 2 10 49933.1 47956.3 125850
0 0 nosimd 60000 2 10 4723.5 4689.63 9986
-1 1 avx 70000 2 10 713704 685459 1.92624e+06
-1 2 avx 70000 2 10 370900 367785 1.0047e+06
-1 4 avx 70000 2 10 190443 182043 515578
-1 6 avx 70000 2 10 129369 123631 356138
-1 8 avx 70000 2 10 97401.7 92903.9 263575
-1 10 avx 70000 2 10 79426.2 75896.9 213886
-1 12 avx 70000 2 10 76683.3 74098.2 200991
-1 14 avx 70000 2 10 73192.6 69881.8 190281
-1 16 avx 70000 2 10 70478.7 67282.7 180221
-1 18 avx 70000 2 10 68162.8 65486.2 171166
0 0 nosimd 70000 2 10 6422.81 6378.07 13583.2
-1 1 avx 80000 2 10 935430 903568 2.54795e+06
-1 2 avx 80000 2 10 479059 457856 1.29536e+06
-1 4 avx 80000 2 10 248470 237150 673216
-1 6 avx 80000 2 10 168286 160570 455762
-1 8 avx 80000 2 10 129323 123915 350178
-1 10 avx 80000 2 10 103525 98856.9 279293
-1 12 avx 80000 2 10 99407.8 94885.3 262559
-1 14 avx 80000 2 10 95604.7 91323.9 248105
-1 16 avx 80000 2 10 92308.2 87920.8 235018
-1 18 avx 80000 2 10 88723.8 85403 223385
0 0 nosimd 80000 2 10 8385.94 8313.46 17717
-1 1 avx 90000 2 10 1.18476e+06 1.12881e+06 3.19891e+06
-1 2 avx 90000 2 10 607867 577957 1.63593e+06
-1 4 avx 90000 2 10 312843 299093 845549
-1 6 avx 90000 2 10 211209 201861 571357
-1 8 avx 90000 2 10 160065 152795 432571
-1 10 avx 90000 2 10 130943 125019 353386
-1 12 avx 90000 2 10 125805 120191 332308
-1 14 avx 90000 2 10 120922 115993 313454
-1 16 avx 90000 2 10 116613 111494 297557
-1 18 avx 90000 2 10 112380 108021 282743
0 0 nosimd 90000 2 10 10606.2 10537.5 22415.8
